dc0.kp=1.000000
dc0.ki=1.000000
dc0.kd=1.000000
dc1.kp=1.000000
dc1.ki=1.000000
dc1.kd=1.000000
dc2.kp=2.000000
dc2.ki=1.000000
dc2.kd=1.000000
dc3.kp=1.000000
dc3.ki=1.000000
dc3.kd=1.000000
bl.kp=1.000000
bl.ki=1.000000
bl.kd=1.000000
