dc0.kp=0.000000
dc0.ki=0.000000
dc0.kd=0.000000
dc1.kp=0.000000
dc1.ki=0.000000
dc1.kd=0.000000
dc2.kp=0.000000
dc2.ki=0.000000
dc2.kd=0.000000
dc3.kp=0.000000
dc3.ki=0.000000
dc3.kd=0.000000
bl.kp=0.000000
bl.ki=0.000000
bl.kd=0.000000
00

