dc0.kp=7.750000
dc0.ki=6.500000
dc0.kd=0.000000
dc1.kp=50.000000
dc1.ki=1.000000
dc1.kd=0.000000
dc2.kp=30.500000
dc2.ki=0.250000
dc2.kd=0.000000
dc3.kp=60.000000
dc3.ki=3.250000
dc3.kd=0.000000
bl.kp=0.900000
bl.ki=1.000000
bl.kd=0.000000
